{
"classname" "worldspawn"
// brush 0
 {
  patchDef2
  {
   HIPout01/grass02b
   ( 3 3 536870912 -2113927120 0  )
(
( ( 675.958252 5631.888184 1476 0 1 ) ( 601.947510 5449.653320 1476 0 0.500000 ) ( 527.936768 5267.417969 1476 0 0 ) )
( ( 828.505371 5557.429199 1476 0.500000 1 ) ( 754.494385 5375.194336 1476 0.500000 0.500000 ) ( 680.483398 5192.959473 1476 0.500000 0 ) )
( ( 981.051758 5482.971680 1476 1 1 ) ( 907.041016 5300.735352 1476 1 0.500000 ) ( 833.030273 5118.500977 1476 1 0 ) )
)
  }
 }
// brush 1
 {
  patchDef2
  {
   HIPout01/grass03
   ( 3 3 536870912 -2113927120 0  )
(
( ( 556.373779 5442.868164 1419.734741 0 1 ) ( 584.972412 5510.241699 1596.828979 0 0.500000 ) ( 613.571289 5577.615234 1773.923462 0 0 ) )
( ( 777.755859 5348.897461 1419.734741 0.500000 1 ) ( 806.354492 5416.271484 1596.828857 0.500000 0.500000 ) ( 834.952881 5483.644531 1773.923340 0.500000 0 ) )
( ( 999.136963 5254.926758 1419.734741 1 1 ) ( 1027.735107 5322.300781 1596.828979 1 0.500000 ) ( 1056.333984 5389.673828 1773.923462 1 0 ) )
)
  }
 }
// brush 2
 {
  patchDef2
  {
   HIPout01/grass03
   ( 3 3 536870912 -2113927120 0  )
(
( ( 530.024414 5451.878906 1425.734741 0 1 ) ( 501.426025 5384.504883 1602.828979 0 0.500000 ) ( 472.827393 5317.131348 1779.923462 0 0 ) )
( ( 751.405762 5357.908203 1425.734741 0.500000 1 ) ( 722.807129 5290.534180 1602.828857 0.500000 0.500000 ) ( 694.208740 5223.160156 1779.923340 0.500000 0 ) )
( ( 972.787354 5263.937500 1425.734741 1 1 ) ( 944.188721 5196.563477 1602.828979 1 0.500000 ) ( 915.590332 5129.189453 1779.923462 1 0 ) )
)
  }
 }
// brush 3
 {
  patchDef2
  {
   HIPout01/grass03
   ( 3 3 536870912 -2113927120 0  )
(
( ( 855.631348 5570.623047 1441.734741 0 1 ) ( 788.766602 5600.393066 1606.828979 0 0.500000 ) ( 721.902344 5630.163086 1771.923462 0 0 ) )
( ( 757.811035 5350.915039 1441.734741 0.500000 1 ) ( 690.946289 5380.685547 1606.828857 0.500000 0.500000 ) ( 624.081543 5410.455078 1771.923340 0.500000 0 ) )
( ( 659.990967 5131.208008 1441.734741 1 1 ) ( 593.126465 5160.978516 1606.828979 1 0.500000 ) ( 526.261963 5190.748047 1771.923462 1 0 ) )
)
  }
 }
// brush 4
 {
  patchDef2
  {
   HIPout01/grass03
   ( 3 3 536870912 -2113927120 0  )
(
( ( 917.190430 5508.428711 1422.734741 0 1 ) ( 1000.295166 5484.863281 1583.828979 0 0.500000 ) ( 1083.399658 5461.298340 1744.923462 0 0 ) )
( ( 795.610596 5334.516113 1422.734741 0.500000 1 ) ( 878.715332 5310.951172 1583.828857 0.500000 0.500000 ) ( 961.820068 5287.385742 1744.923340 0.500000 0 ) )
( ( 674.030762 5160.603516 1422.734741 1 1 ) ( 757.135254 5137.039063 1583.828979 1 0.500000 ) ( 840.240234 5113.473633 1744.923462 1 0 ) )
)
  }
 }
// brush 5
 {
  patchDef2
  {
   HIPout01/grass03
   ( 3 3 536870912 -2113927120 0  )
(
( ( 1083.399658 5461.298340 1744.923462 0 0 ) ( 1000.295166 5484.863281 1583.828979 0 0.500000 ) ( 917.190430 5508.428711 1422.734741 0 1 ) )
( ( 961.820068 5287.385742 1744.923340 0.500000 0 ) ( 878.715332 5310.951172 1583.828857 0.500000 0.500000 ) ( 795.610596 5334.516113 1422.734741 0.500000 1 ) )
( ( 840.240234 5113.473633 1744.923462 1 0 ) ( 757.135254 5137.039063 1583.828979 1 0.500000 ) ( 674.030762 5160.603516 1422.734741 1 1 ) )
)
  }
 }
// brush 6
 {
  patchDef2
  {
   HIPout01/grass03
   ( 3 3 536870912 -2113927120 0  )
(
( ( 721.902344 5630.163086 1771.923462 0 0 ) ( 788.766602 5600.393066 1606.828979 0 0.500000 ) ( 855.631348 5570.623047 1441.734741 0 1 ) )
( ( 624.081543 5410.455078 1771.923340 0.500000 0 ) ( 690.946289 5380.685547 1606.828857 0.500000 0.500000 ) ( 757.811035 5350.915039 1441.734741 0.500000 1 ) )
( ( 526.261963 5190.748047 1771.923462 1 0 ) ( 593.126465 5160.978516 1606.828979 1 0.500000 ) ( 659.990967 5131.208008 1441.734741 1 1 ) )
)
  }
 }
// brush 7
 {
  patchDef2
  {
   HIPout01/grass03
   ( 3 3 536870912 -2113927120 0  )
(
( ( 472.827393 5317.131348 1779.923462 0 0 ) ( 501.426025 5384.504883 1602.828979 0 0.500000 ) ( 530.024414 5451.878906 1425.734741 0 1 ) )
( ( 694.208740 5223.160156 1779.923340 0.500000 0 ) ( 722.807129 5290.534180 1602.828857 0.500000 0.500000 ) ( 751.405762 5357.908203 1425.734741 0.500000 1 ) )
( ( 915.590332 5129.189453 1779.923462 1 0 ) ( 944.188721 5196.563477 1602.828979 1 0.500000 ) ( 972.787354 5263.937500 1425.734741 1 1 ) )
)
  }
 }
// brush 8
 {
  patchDef2
  {
   HIPout01/grass03
   ( 3 3 536870912 -2113927120 0  )
(
( ( 613.571289 5577.615234 1773.923462 0 0 ) ( 584.972412 5510.241699 1596.828979 0 0.500000 ) ( 556.373779 5442.868164 1419.734741 0 1 ) )
( ( 834.952881 5483.644531 1773.923340 0.500000 0 ) ( 806.354492 5416.271484 1596.828857 0.500000 0.500000 ) ( 777.755859 5348.897461 1419.734741 0.500000 1 ) )
( ( 1056.333984 5389.673828 1773.923462 1 0 ) ( 1027.735107 5322.300781 1596.828979 1 0.500000 ) ( 999.136963 5254.926758 1419.734741 1 1 ) )
)
  }
 }
// brush 9
 {
  patchDef2
  {
   HIPout01/grass02b
   ( 3 3 536870912 -2113927120 0  )
(
( ( 527.936768 5267.417969 1476 0 0 ) ( 601.947510 5449.653320 1476 0 0.500000 ) ( 675.958252 5631.888184 1476 0 1 ) )
( ( 680.483398 5192.959473 1476 0.500000 0 ) ( 754.494385 5375.194336 1476 0.500000 0.500000 ) ( 828.505371 5557.429199 1476 0.500000 1 ) )
( ( 833.030273 5118.500977 1476 1 0 ) ( 907.041016 5300.735352 1476 1 0.500000 ) ( 981.051758 5482.971680 1476 1 1 ) )
)
  }
 }
}
// entity 1
// entity 2
// entity 3
// entity 4
